{
 "cells": [
  {
   "cell_type": "code",
   "execution_count": 69,
   "metadata": {},
   "outputs": [],
   "source": [
    "# 30 points\n",
    "# Question 1 (30 points)\n",
    "\n",
    "# what is the Probability Distribution for each F1 driver to win the Bahrain Grand Prix? \n",
    "# What is the Probability Distribution for each F1 driver to win both the Bahrain and Saudi Arabian Grand Prix? \n",
    "# What is the probability for Ferrari to win both races? \n",
    "# What is the probability for Ferrari to win at least one race? Note that Ferrari, and each other racing team, has two drivers per race.\n",
    "\n",
    "# 30 points\n",
    "#  If Ferrari wins the first race, what is the probability that Ferrari wins the next one? \n",
    "# If Ferrari wins at least one of these two races, what is the probability Ferrari wins both races? \n",
    "# How about Red Bull, Mercedes, and Alpine-Renault?\n",
    "\n",
    "# 40 points\n",
    "#Ferrari wins one of these two races on a rainy day. What is the probability Ferrari wins both races,\n",
    "# assuming races can be held on either rainy, sunny, cloudy, snowy or foggy days? \n",
    "# Assume that rain, sun, clouds, snow, and fog are the only possible weather conditions on race tracks \n",
    "# and there is an equal probability for each one of these weather events.\n",
    "\n",
    "# You need to provide proof for your answers by using code, in the form of a function. \n",
    "# I think it's one in a million because Ferrari sucks is not a good answer. Use the counting framework in this workbook.\n",
    "\n",
    "#Hint: Use BGP to denote the Probability Distribution of F1 driver wins at the Bahrain GP. \n",
    "# Write driver initials as keys and driver wins as values in a dictionary that you pass to our function ProbDist..\n",
    "# https://people.math.ethz.ch/~jteichma/probability.html"
   ]
  },
  {
   "cell_type": "code",
   "execution_count": 70,
   "metadata": {},
   "outputs": [],
   "source": [
    "class ProbDist(dict):\n",
    "    \"\"\"A Probability Distribution; an {outcome: probability} mapping.\"\"\"\n",
    "    def __init__(self, mapping=(), **kwargs):\n",
    "        self.update(mapping, **kwargs)\n",
    "        # Make probabilities sum to 1.0; assert no negative probabilities\n",
    "        total = sum(self.values())\n",
    "        for outcome in self:\n",
    "            self[outcome] = self[outcome] / total\n",
    "            assert self[outcome] >= 0"
   ]
  },
  {
   "cell_type": "code",
   "execution_count": 71,
   "metadata": {},
   "outputs": [],
   "source": [
    "from fractions import Fraction\n",
    "def p(event, space): \n",
    "    \"\"\"The probability of an event, given a sample space of equiprobable outcomes. \n",
    "    event: a collection of outcomes, or a predicate that is true of outcomes in the event. \n",
    "    space: a set of outcomes or a probability distribution of {outcome: frequency} pairs.\"\"\"\n",
    "    # branch on the type of the first argument\n",
    "    if is_predicate(event):\n",
    "        # transform the mapping (untangible) 'event' into the collection (tangible) 'event'\n",
    "        event = such_that(event, space)\n",
    "        \n",
    "    if isinstance(space, ProbDist):\n",
    "        # if space is a dictionary of distinct probabilities, where each item does not count as the same amount\n",
    "        return sum(space[o] for o in space if o in event)\n",
    "    else:\n",
    "        # space is not a dictionary but a collection, let's fall back to our original division\n",
    "        return Fraction(len(event & space), len(space))\n",
    "\n",
    "is_predicate = callable\n",
    "\n",
    "def such_that(predicate, space): \n",
    "    \"\"\"The outcomes in the sample pace for which the predicate is true.\n",
    "    If space is a set, return a subset {outcome,...} with outcomes where predicate(element) is true;\n",
    "    if space is a ProbDist, return a ProbDist {outcome: frequency,...} with outcomes where predicate(element) is true.\"\"\"\n",
    "    if isinstance(space, ProbDist):\n",
    "        return ProbDist({o:space[o] for o in space if predicate(o)})\n",
    "    else:\n",
    "        return {o for o in space if predicate(o)}"
   ]
  },
  {
   "attachments": {},
   "cell_type": "markdown",
   "metadata": {},
   "source": [
    "### What is the Probability Distribution for each F1 driver to win the Bahrain Grand Prix?"
   ]
  },
  {
   "cell_type": "code",
   "execution_count": 72,
   "metadata": {},
   "outputs": [
    {
     "data": {
      "text/plain": [
       "{'MV': 0.19319148936170213,\n",
       " 'CL': 0.13106382978723405,\n",
       " 'SP': 0.12978723404255318,\n",
       " 'GR': 0.11702127659574468,\n",
       " 'CS': 0.1046808510638298,\n",
       " 'LH': 0.10212765957446808,\n",
       " 'LN': 0.05191489361702128,\n",
       " 'EO': 0.03914893617021276,\n",
       " 'FA': 0.03446808510638298,\n",
       " 'VB': 0.020851063829787235,\n",
       " 'DR': 0.01574468085106383,\n",
       " 'SV': 0.01574468085106383,\n",
       " 'KM': 0.010638297872340425,\n",
       " 'PG': 0.00978723404255319,\n",
       " 'LS': 0.007659574468085106,\n",
       " 'MS': 0.005106382978723404,\n",
       " 'YT': 0.005106382978723404,\n",
       " 'ZG': 0.002553191489361702,\n",
       " 'AA': 0.001702127659574468,\n",
       " 'NL': 0.000851063829787234,\n",
       " 'NV': 0.000851063829787234,\n",
       " 'NH': 0.0}"
      ]
     },
     "execution_count": 72,
     "metadata": {},
     "output_type": "execute_result"
    }
   ],
   "source": [
    "# BGP denotes the Probability Distribution of each F1 driver wins at the Bahrain GP.\n",
    "\n",
    "BGP = ProbDist(\n",
    "    MV = 454, CL = 308, SP = 305, GR = 275, CS = 246, LH = 240, LN = 122, EO = 92, FA = 81, VB = 49, DR = 37, SV = 37, KM = 25, PG = 23, LS = 18,\n",
    "    MS = 12, YT = 12, ZG = 6, AA = 4, NL = 2, NV = 2, NH = 0)\n",
    "BGP\n"
   ]
  },
  {
   "attachments": {},
   "cell_type": "markdown",
   "metadata": {},
   "source": [
    "### What is the Probability Distribution for each F1 driver to win Saudi Arabian Grand Prix? "
   ]
  },
  {
   "cell_type": "code",
   "execution_count": 73,
   "metadata": {},
   "outputs": [
    {
     "data": {
      "text/plain": [
       "{'MV': 0.19319148936170213,\n",
       " 'CL': 0.13106382978723405,\n",
       " 'SP': 0.12978723404255318,\n",
       " 'GR': 0.11702127659574468,\n",
       " 'CS': 0.1046808510638298,\n",
       " 'LH': 0.10212765957446808,\n",
       " 'LN': 0.05191489361702128,\n",
       " 'EO': 0.03914893617021276,\n",
       " 'FA': 0.03446808510638298,\n",
       " 'VB': 0.020851063829787235,\n",
       " 'DR': 0.01574468085106383,\n",
       " 'SV': 0.01574468085106383,\n",
       " 'KM': 0.010638297872340425,\n",
       " 'PG': 0.00978723404255319,\n",
       " 'LS': 0.007659574468085106,\n",
       " 'MS': 0.005106382978723404,\n",
       " 'YT': 0.005106382978723404,\n",
       " 'ZG': 0.002553191489361702,\n",
       " 'AA': 0.001702127659574468,\n",
       " 'NL': 0.000851063829787234,\n",
       " 'NV': 0.000851063829787234,\n",
       " 'NH': 0.0}"
      ]
     },
     "execution_count": 73,
     "metadata": {},
     "output_type": "execute_result"
    }
   ],
   "source": [
    "\n",
    "SAGP = ProbDist(\n",
    "    MV = 454, CL = 308, SP = 305, GR = 275, CS = 246, LH = 240, LN = 122, EO = 92, FA = 81, VB = 49, DR = 37, SV = 37, KM = 25, PG = 23, LS = 18,\n",
    "    MS = 12, YT = 12, ZG = 6, AA = 4, NL = 2, NV = 2, NH = 0)\n",
    "SAGP"
   ]
  },
  {
   "attachments": {},
   "cell_type": "markdown",
   "metadata": {},
   "source": [
    "### What is the Probability Distribution for each F1 driver to win both the Bahrain and Saudi Arabian Grand Prix?"
   ]
  },
  {
   "cell_type": "code",
   "execution_count": 74,
   "metadata": {},
   "outputs": [
    {
     "name": "stdout",
     "output_type": "stream",
     "text": [
      "{'MV': 0.03732295156179267, 'CL': 0.017177727478497058, 'SP': 0.016844726120416476, 'GR': 0.013693979176097782, 'CS': 0.010958080579447716, 'LH': 0.010430058850158441, 'LN': 0.0026951561792666365, 'EO': 0.0015326392032593932, 'FA': 0.0011880488909008604, 'VB': 0.0004347668628338615, 'DR': 0.0002478949751018561, 'SV': 0.0002478949751018561, 'KM': 0.00011317338162064282, 'PG': 9.578995020371207e-05, 'LS': 5.866908103214123e-05, 'MS': 2.6075147125396105e-05, 'YT': 2.6075147125396105e-05, 'ZG': 6.518786781349026e-06, 'AA': 2.8972385694884564e-06, 'NL': 7.243096423721141e-07, 'NV': 7.243096423721141e-07, 'NH': 0.0}\n"
     ]
    }
   ],
   "source": [
    "# Since these are the latest driver standings available on the website and considering the fact that Saudi Arabia GP is just one week after the\n",
    "# Bahrain GP, We assume that the two races are independent events i.e. the outcome of Bahrain GP does not affect the outcome of Saudi Arabia GP. \n",
    "# And we also consider the above driver standings and their probability distribution as our initial data and We also assume the probability \n",
    "# distribution of each driver remains the same.\n",
    "\n",
    "# To get the Probability Distribution for each F1 driver to win both the Bahrain and Saudi Arabian Grand Prix, we multiply the two probabilties \n",
    "# to arrive at the conclusion of BGP and SAGP.  \n",
    "# We take these two dictionaries from the result obtained above and store the resulting probability distribution in a dictionary named both_wins \n",
    "\n",
    "both_wins = {}\n",
    "for key in BGP:\n",
    "    if key in SAGP:\n",
    "        both_wins[key] = BGP[key] * SAGP[key]\n",
    "print(both_wins)\n"
   ]
  },
  {
   "cell_type": "markdown",
   "metadata": {},
   "source": [
    "This means that 'MV' has a 3.7% chance of winning both races, 'CL' has 1.7% chance of winning both races and so on..."
   ]
  },
  {
   "cell_type": "code",
   "execution_count": 75,
   "metadata": {},
   "outputs": [
    {
     "data": {
      "text/plain": [
       "{'MV MV': 0.03732295156179264,\n",
       " 'MV CL': 0.02532041647804435,\n",
       " 'MV SP': 0.025073789044816643,\n",
       " 'MV GR': 0.0226075147125396,\n",
       " 'MV CS': 0.020223449524671786,\n",
       " 'MV LH': 0.019730194658216373,\n",
       " 'MV LN': 0.010029515617926657,\n",
       " 'MV EO': 0.00756324128564961,\n",
       " 'MV FA': 0.006658940697148027,\n",
       " 'MV VB': 0.0040282480760525105,\n",
       " 'MV DR': 0.0030417383431416913,\n",
       " 'MV SV': 0.0030417383431416913,\n",
       " 'MV KM': 0.0020552286102308724,\n",
       " 'MV PG': 0.0018908103214124025,\n",
       " 'MV LS': 0.001479764599366228,\n",
       " 'MV MS': 0.0009865097329108186,\n",
       " 'MV YT': 0.0009865097329108186,\n",
       " 'MV ZG': 0.0004932548664554093,\n",
       " 'MV AA': 0.0003288365776369396,\n",
       " 'MV NL': 0.0001644182888184698,\n",
       " 'MV NV': 0.0001644182888184698,\n",
       " 'MV NH': 0.0,\n",
       " 'CL MV': 0.02532041647804435,\n",
       " 'CL CL': 0.017177727478497048,\n",
       " 'CL SP': 0.017010411951109087,\n",
       " 'CL GR': 0.015337256677229506,\n",
       " 'CL CS': 0.013719873245812577,\n",
       " 'CL LH': 0.013385242191036659,\n",
       " 'CL LN': 0.006804164780443636,\n",
       " 'CL EO': 0.005131009506564053,\n",
       " 'CL FA': 0.004517519239474873,\n",
       " 'CL VB': 0.002732820280669985,\n",
       " 'CL DR': 0.002063558171118152,\n",
       " 'CL SV': 0.002063558171118152,\n",
       " 'CL KM': 0.0013942960615663188,\n",
       " 'CL PG': 0.0012827523766410132,\n",
       " 'CL LS': 0.0010038931643277494,\n",
       " 'CL MS': 0.000669262109551833,\n",
       " 'CL YT': 0.000669262109551833,\n",
       " 'CL ZG': 0.0003346310547759165,\n",
       " 'CL AA': 0.000223087369850611,\n",
       " 'CL NL': 0.0001115436849253055,\n",
       " 'CL NV': 0.0001115436849253055,\n",
       " 'CL NH': 0.0,\n",
       " 'SP MV': 0.025073789044816643,\n",
       " 'SP CL': 0.017010411951109087,\n",
       " 'SP SP': 0.016844726120416466,\n",
       " 'SP GR': 0.015187867813490257,\n",
       " 'SP CS': 0.013586238116794921,\n",
       " 'SP LH': 0.013254866455409678,\n",
       " 'SP LN': 0.006737890448166587,\n",
       " 'SP EO': 0.005081032141240376,\n",
       " 'SP FA': 0.004473517428700767,\n",
       " 'SP VB': 0.0027062019013128096,\n",
       " 'SP DR': 0.0020434585785423258,\n",
       " 'SP SV': 0.0020434585785423258,\n",
       " 'SP KM': 0.0013807152557718414,\n",
       " 'SP PG': 0.001270258035310094,\n",
       " 'SP LS': 0.0009941149841557258,\n",
       " 'SP MS': 0.0006627433227704839,\n",
       " 'SP YT': 0.0006627433227704839,\n",
       " 'SP ZG': 0.00033137166138524194,\n",
       " 'SP AA': 0.00022091444092349463,\n",
       " 'SP NL': 0.00011045722046174732,\n",
       " 'SP NV': 0.00011045722046174732,\n",
       " 'SP NH': 0.0,\n",
       " 'GR MV': 0.0226075147125396,\n",
       " 'GR CL': 0.015337256677229506,\n",
       " 'GR SP': 0.015187867813490257,\n",
       " 'GR GR': 0.013693979176097774,\n",
       " 'GR CS': 0.012249886826618372,\n",
       " 'GR LH': 0.011951109099139873,\n",
       " 'GR LN': 0.006075147125396103,\n",
       " 'GR EO': 0.004581258488003618,\n",
       " 'GR FA': 0.004033499320959708,\n",
       " 'GR VB': 0.002440018107741058,\n",
       " 'GR DR': 0.001842462652784064,\n",
       " 'GR SV': 0.001842462652784064,\n",
       " 'GR KM': 0.0012449071978270702,\n",
       " 'GR PG': 0.0011453146220009045,\n",
       " 'GR LS': 0.0008963331824354905,\n",
       " 'GR MS': 0.0005975554549569937,\n",
       " 'GR YT': 0.0005975554549569937,\n",
       " 'GR ZG': 0.00029877772747849684,\n",
       " 'GR AA': 0.00019918515165233123,\n",
       " 'GR NL': 9.959257582616562e-05,\n",
       " 'GR NV': 9.959257582616562e-05,\n",
       " 'GR NH': 0.0,\n",
       " 'CS MV': 0.020223449524671786,\n",
       " 'CS CL': 0.013719873245812577,\n",
       " 'CS SP': 0.013586238116794921,\n",
       " 'CS GR': 0.012249886826618372,\n",
       " 'CS CS': 0.010958080579447709,\n",
       " 'CS LH': 0.010690810321412397,\n",
       " 'CS LN': 0.005434495246717969,\n",
       " 'CS EO': 0.004098143956541418,\n",
       " 'CS FA': 0.0036081484834766843,\n",
       " 'CS VB': 0.0021827071072883647,\n",
       " 'CS DR': 0.0016481665912177446,\n",
       " 'CS SV': 0.0016481665912177446,\n",
       " 'CS KM': 0.0011136260751471248,\n",
       " 'CS PG': 0.0010245359891353546,\n",
       " 'CS LS': 0.0008018107741059298,\n",
       " 'CS MS': 0.0005345405160706198,\n",
       " 'CS YT': 0.0005345405160706198,\n",
       " 'CS ZG': 0.0002672702580353099,\n",
       " 'CS AA': 0.00017818017202353998,\n",
       " 'CS NL': 8.909008601176999e-05,\n",
       " 'CS NV': 8.909008601176999e-05,\n",
       " 'CS NH': 0.0,\n",
       " 'LH MV': 0.019730194658216373,\n",
       " 'LH CL': 0.013385242191036659,\n",
       " 'LH SP': 0.013254866455409678,\n",
       " 'LH GR': 0.011951109099139873,\n",
       " 'LH CS': 0.010690810321412397,\n",
       " 'LH LH': 0.010430058850158434,\n",
       " 'LH LN': 0.005301946582163872,\n",
       " 'LH EO': 0.0039981892258940666,\n",
       " 'LH FA': 0.0035201448619284724,\n",
       " 'LH VB': 0.002129470348574014,\n",
       " 'LH DR': 0.0016079674060660923,\n",
       " 'LH SV': 0.0016079674060660923,\n",
       " 'LH KM': 0.0010864644635581705,\n",
       " 'LH PG': 0.0009995473064735166,\n",
       " 'LH LS': 0.0007822544137618826,\n",
       " 'LH MS': 0.0005215029425079217,\n",
       " 'LH YT': 0.0005215029425079217,\n",
       " 'LH ZG': 0.00026075147125396086,\n",
       " 'LH AA': 0.00017383431416930726,\n",
       " 'LH NL': 8.691715708465363e-05,\n",
       " 'LH NV': 8.691715708465363e-05,\n",
       " 'LH NH': 0.0,\n",
       " 'LN MV': 0.010029515617926657,\n",
       " 'LN CL': 0.006804164780443636,\n",
       " 'LN SP': 0.006737890448166587,\n",
       " 'LN GR': 0.006075147125396103,\n",
       " 'LN CS': 0.005434495246717969,\n",
       " 'LN LH': 0.005301946582163872,\n",
       " 'LN LN': 0.0026951561792666347,\n",
       " 'LN EO': 0.002032412856496151,\n",
       " 'LN FA': 0.001789406971480307,\n",
       " 'LN VB': 0.0010824807605251238,\n",
       " 'LN DR': 0.0008173834314169303,\n",
       " 'LN SV': 0.0008173834314169303,\n",
       " 'LN KM': 0.0005522861023087367,\n",
       " 'LN PG': 0.0005081032141240377,\n",
       " 'LN LS': 0.0003976459936622903,\n",
       " 'LN MS': 0.0002650973291081936,\n",
       " 'LN YT': 0.0002650973291081936,\n",
       " 'LN ZG': 0.0001325486645540968,\n",
       " 'LN AA': 8.836577636939786e-05,\n",
       " 'LN NL': 4.418288818469893e-05,\n",
       " 'LN NV': 4.418288818469893e-05,\n",
       " 'LN NH': 0.0,\n",
       " 'EO MV': 0.00756324128564961,\n",
       " 'EO CL': 0.005131009506564053,\n",
       " 'EO SP': 0.005081032141240376,\n",
       " 'EO GR': 0.004581258488003618,\n",
       " 'EO CS': 0.004098143956541418,\n",
       " 'EO LH': 0.0039981892258940666,\n",
       " 'EO LN': 0.002032412856496151,\n",
       " 'EO EO': 0.001532639203259392,\n",
       " 'EO FA': 0.0013493888637392476,\n",
       " 'EO VB': 0.000816296966953372,\n",
       " 'EO DR': 0.0006163875056586686,\n",
       " 'EO SV': 0.0006163875056586686,\n",
       " 'EO KM': 0.00041647804436396527,\n",
       " 'EO PG': 0.000383159800814848,\n",
       " 'EO LS': 0.00029986419194205497,\n",
       " 'EO MS': 0.00019990946129470332,\n",
       " 'EO YT': 0.00019990946129470332,\n",
       " 'EO ZG': 9.995473064735166e-05,\n",
       " 'EO AA': 6.663648709823445e-05,\n",
       " 'EO NL': 3.331824354911722e-05,\n",
       " 'EO NV': 3.331824354911722e-05,\n",
       " 'EO NH': 0.0,\n",
       " 'FA MV': 0.006658940697148027,\n",
       " 'FA CL': 0.004517519239474873,\n",
       " 'FA SP': 0.004473517428700767,\n",
       " 'FA GR': 0.004033499320959708,\n",
       " 'FA CS': 0.0036081484834766843,\n",
       " 'FA LH': 0.0035201448619284724,\n",
       " 'FA LN': 0.001789406971480307,\n",
       " 'FA EO': 0.0013493888637392476,\n",
       " 'FA FA': 0.0011880488909008595,\n",
       " 'FA VB': 0.0007186962426437299,\n",
       " 'FA DR': 0.0005426889995473062,\n",
       " 'FA SV': 0.0005426889995473062,\n",
       " 'FA KM': 0.0003666817564508825,\n",
       " 'FA PG': 0.0003373472159348119,\n",
       " 'FA LS': 0.0002640108646446354,\n",
       " 'FA MS': 0.0001760072430964236,\n",
       " 'FA YT': 0.0001760072430964236,\n",
       " 'FA ZG': 8.80036215482118e-05,\n",
       " 'FA AA': 5.8669081032141206e-05,\n",
       " 'FA NL': 2.9334540516070603e-05,\n",
       " 'FA NV': 2.9334540516070603e-05,\n",
       " 'FA NH': 0.0,\n",
       " 'VB MV': 0.0040282480760525105,\n",
       " 'VB CL': 0.002732820280669985,\n",
       " 'VB SP': 0.0027062019013128096,\n",
       " 'VB GR': 0.002440018107741058,\n",
       " 'VB CS': 0.0021827071072883647,\n",
       " 'VB LH': 0.002129470348574014,\n",
       " 'VB LN': 0.0010824807605251238,\n",
       " 'VB EO': 0.000816296966953372,\n",
       " 'VB FA': 0.0007186962426437299,\n",
       " 'VB VB': 0.0004347668628338612,\n",
       " 'VB DR': 0.00032829334540516054,\n",
       " 'VB SV': 0.00032829334540516054,\n",
       " 'VB KM': 0.0002218198279764598,\n",
       " 'VB PG': 0.000204074241738343,\n",
       " 'VB LS': 0.00015971027614305105,\n",
       " 'VB MS': 0.0001064735174287007,\n",
       " 'VB YT': 0.0001064735174287007,\n",
       " 'VB ZG': 5.323675871435035e-05,\n",
       " 'VB AA': 3.549117247623357e-05,\n",
       " 'VB NL': 1.7745586238116784e-05,\n",
       " 'VB NV': 1.7745586238116784e-05,\n",
       " 'VB NH': 0.0,\n",
       " 'DR MV': 0.0030417383431416913,\n",
       " 'DR CL': 0.002063558171118152,\n",
       " 'DR SP': 0.0020434585785423258,\n",
       " 'DR GR': 0.001842462652784064,\n",
       " 'DR CS': 0.0016481665912177446,\n",
       " 'DR LH': 0.0016079674060660923,\n",
       " 'DR LN': 0.0008173834314169303,\n",
       " 'DR EO': 0.0006163875056586686,\n",
       " 'DR FA': 0.0005426889995473062,\n",
       " 'DR VB': 0.00032829334540516054,\n",
       " 'DR DR': 0.00024789497510185594,\n",
       " 'DR SV': 0.00024789497510185594,\n",
       " 'DR KM': 0.00016749660479855127,\n",
       " 'DR PG': 0.00015409687641466715,\n",
       " 'DR LS': 0.00012059755545495692,\n",
       " 'DR MS': 8.03983703033046e-05,\n",
       " 'DR YT': 8.03983703033046e-05,\n",
       " 'DR ZG': 4.01991851516523e-05,\n",
       " 'DR AA': 2.6799456767768207e-05,\n",
       " 'DR NL': 1.3399728383884103e-05,\n",
       " 'DR NV': 1.3399728383884103e-05,\n",
       " 'DR NH': 0.0,\n",
       " 'SV MV': 0.0030417383431416913,\n",
       " 'SV CL': 0.002063558171118152,\n",
       " 'SV SP': 0.0020434585785423258,\n",
       " 'SV GR': 0.001842462652784064,\n",
       " 'SV CS': 0.0016481665912177446,\n",
       " 'SV LH': 0.0016079674060660923,\n",
       " 'SV LN': 0.0008173834314169303,\n",
       " 'SV EO': 0.0006163875056586686,\n",
       " 'SV FA': 0.0005426889995473062,\n",
       " 'SV VB': 0.00032829334540516054,\n",
       " 'SV DR': 0.00024789497510185594,\n",
       " 'SV SV': 0.00024789497510185594,\n",
       " 'SV KM': 0.00016749660479855127,\n",
       " 'SV PG': 0.00015409687641466715,\n",
       " 'SV LS': 0.00012059755545495692,\n",
       " 'SV MS': 8.03983703033046e-05,\n",
       " 'SV YT': 8.03983703033046e-05,\n",
       " 'SV ZG': 4.01991851516523e-05,\n",
       " 'SV AA': 2.6799456767768207e-05,\n",
       " 'SV NL': 1.3399728383884103e-05,\n",
       " 'SV NV': 1.3399728383884103e-05,\n",
       " 'SV NH': 0.0,\n",
       " 'KM MV': 0.0020552286102308724,\n",
       " 'KM CL': 0.0013942960615663188,\n",
       " 'KM SP': 0.0013807152557718414,\n",
       " 'KM GR': 0.0012449071978270702,\n",
       " 'KM CS': 0.0011136260751471248,\n",
       " 'KM LH': 0.0010864644635581705,\n",
       " 'KM LN': 0.0005522861023087367,\n",
       " 'KM EO': 0.00041647804436396527,\n",
       " 'KM FA': 0.0003666817564508825,\n",
       " 'KM VB': 0.0002218198279764598,\n",
       " 'KM DR': 0.00016749660479855127,\n",
       " 'KM SV': 0.00016749660479855127,\n",
       " 'KM KM': 0.00011317338162064274,\n",
       " 'KM PG': 0.00010411951109099132,\n",
       " 'KM LS': 8.148483476686278e-05,\n",
       " 'KM MS': 5.4323223177908515e-05,\n",
       " 'KM YT': 5.4323223177908515e-05,\n",
       " 'KM ZG': 2.7161611588954257e-05,\n",
       " 'KM AA': 1.8107741059302838e-05,\n",
       " 'KM NL': 9.053870529651419e-06,\n",
       " 'KM NV': 9.053870529651419e-06,\n",
       " 'KM NH': 0.0,\n",
       " 'PG MV': 0.0018908103214124025,\n",
       " 'PG CL': 0.0012827523766410132,\n",
       " 'PG SP': 0.001270258035310094,\n",
       " 'PG GR': 0.0011453146220009045,\n",
       " 'PG CS': 0.0010245359891353546,\n",
       " 'PG LH': 0.0009995473064735166,\n",
       " 'PG LN': 0.0005081032141240377,\n",
       " 'PG EO': 0.000383159800814848,\n",
       " 'PG FA': 0.0003373472159348119,\n",
       " 'PG VB': 0.000204074241738343,\n",
       " 'PG DR': 0.00015409687641466715,\n",
       " 'PG SV': 0.00015409687641466715,\n",
       " 'PG KM': 0.00010411951109099132,\n",
       " 'PG PG': 9.5789950203712e-05,\n",
       " 'PG LS': 7.496604798551374e-05,\n",
       " 'PG MS': 4.997736532367583e-05,\n",
       " 'PG YT': 4.997736532367583e-05,\n",
       " 'PG ZG': 2.4988682661837915e-05,\n",
       " 'PG AA': 1.665912177455861e-05,\n",
       " 'PG NL': 8.329560887279306e-06,\n",
       " 'PG NV': 8.329560887279306e-06,\n",
       " 'PG NH': 0.0,\n",
       " 'LS MV': 0.001479764599366228,\n",
       " 'LS CL': 0.0010038931643277494,\n",
       " 'LS SP': 0.0009941149841557258,\n",
       " 'LS GR': 0.0008963331824354905,\n",
       " 'LS CS': 0.0008018107741059298,\n",
       " 'LS LH': 0.0007822544137618826,\n",
       " 'LS LN': 0.0003976459936622903,\n",
       " 'LS EO': 0.00029986419194205497,\n",
       " 'LS FA': 0.0002640108646446354,\n",
       " 'LS VB': 0.00015971027614305105,\n",
       " 'LS DR': 0.00012059755545495692,\n",
       " 'LS SV': 0.00012059755545495692,\n",
       " 'LS KM': 8.148483476686278e-05,\n",
       " 'LS PG': 7.496604798551374e-05,\n",
       " 'LS LS': 5.866908103214119e-05,\n",
       " 'LS MS': 3.911272068809413e-05,\n",
       " 'LS YT': 3.911272068809413e-05,\n",
       " 'LS ZG': 1.9556360344047065e-05,\n",
       " 'LS AA': 1.3037573562698044e-05,\n",
       " 'LS NL': 6.518786781349022e-06,\n",
       " 'LS NV': 6.518786781349022e-06,\n",
       " 'LS NH': 0.0,\n",
       " 'MS MV': 0.0009865097329108186,\n",
       " 'MS CL': 0.000669262109551833,\n",
       " 'MS SP': 0.0006627433227704839,\n",
       " 'MS GR': 0.0005975554549569937,\n",
       " 'MS CS': 0.0005345405160706198,\n",
       " 'MS LH': 0.0005215029425079217,\n",
       " 'MS LN': 0.0002650973291081936,\n",
       " 'MS EO': 0.00019990946129470332,\n",
       " 'MS FA': 0.0001760072430964236,\n",
       " 'MS VB': 0.0001064735174287007,\n",
       " 'MS DR': 8.03983703033046e-05,\n",
       " 'MS SV': 8.03983703033046e-05,\n",
       " 'MS KM': 5.4323223177908515e-05,\n",
       " 'MS PG': 4.997736532367583e-05,\n",
       " 'MS LS': 3.911272068809413e-05,\n",
       " 'MS MS': 2.6075147125396088e-05,\n",
       " 'MS YT': 2.6075147125396088e-05,\n",
       " 'MS ZG': 1.3037573562698044e-05,\n",
       " 'MS AA': 8.691715708465363e-06,\n",
       " 'MS NL': 4.345857854232682e-06,\n",
       " 'MS NV': 4.345857854232682e-06,\n",
       " 'MS NH': 0.0,\n",
       " 'YT MV': 0.0009865097329108186,\n",
       " 'YT CL': 0.000669262109551833,\n",
       " 'YT SP': 0.0006627433227704839,\n",
       " 'YT GR': 0.0005975554549569937,\n",
       " 'YT CS': 0.0005345405160706198,\n",
       " 'YT LH': 0.0005215029425079217,\n",
       " 'YT LN': 0.0002650973291081936,\n",
       " 'YT EO': 0.00019990946129470332,\n",
       " 'YT FA': 0.0001760072430964236,\n",
       " 'YT VB': 0.0001064735174287007,\n",
       " 'YT DR': 8.03983703033046e-05,\n",
       " 'YT SV': 8.03983703033046e-05,\n",
       " 'YT KM': 5.4323223177908515e-05,\n",
       " 'YT PG': 4.997736532367583e-05,\n",
       " 'YT LS': 3.911272068809413e-05,\n",
       " 'YT MS': 2.6075147125396088e-05,\n",
       " 'YT YT': 2.6075147125396088e-05,\n",
       " 'YT ZG': 1.3037573562698044e-05,\n",
       " 'YT AA': 8.691715708465363e-06,\n",
       " 'YT NL': 4.345857854232682e-06,\n",
       " 'YT NV': 4.345857854232682e-06,\n",
       " 'YT NH': 0.0,\n",
       " 'ZG MV': 0.0004932548664554093,\n",
       " 'ZG CL': 0.0003346310547759165,\n",
       " 'ZG SP': 0.00033137166138524194,\n",
       " 'ZG GR': 0.00029877772747849684,\n",
       " 'ZG CS': 0.0002672702580353099,\n",
       " 'ZG LH': 0.00026075147125396086,\n",
       " 'ZG LN': 0.0001325486645540968,\n",
       " 'ZG EO': 9.995473064735166e-05,\n",
       " 'ZG FA': 8.80036215482118e-05,\n",
       " 'ZG VB': 5.323675871435035e-05,\n",
       " 'ZG DR': 4.01991851516523e-05,\n",
       " 'ZG SV': 4.01991851516523e-05,\n",
       " 'ZG KM': 2.7161611588954257e-05,\n",
       " 'ZG PG': 2.4988682661837915e-05,\n",
       " 'ZG LS': 1.9556360344047065e-05,\n",
       " 'ZG MS': 1.3037573562698044e-05,\n",
       " 'ZG YT': 1.3037573562698044e-05,\n",
       " 'ZG ZG': 6.518786781349022e-06,\n",
       " 'ZG AA': 4.345857854232682e-06,\n",
       " 'ZG NL': 2.172928927116341e-06,\n",
       " 'ZG NV': 2.172928927116341e-06,\n",
       " 'ZG NH': 0.0,\n",
       " 'AA MV': 0.0003288365776369396,\n",
       " 'AA CL': 0.000223087369850611,\n",
       " 'AA SP': 0.00022091444092349463,\n",
       " 'AA GR': 0.00019918515165233123,\n",
       " 'AA CS': 0.00017818017202353998,\n",
       " 'AA LH': 0.00017383431416930726,\n",
       " 'AA LN': 8.836577636939786e-05,\n",
       " 'AA EO': 6.663648709823445e-05,\n",
       " 'AA FA': 5.8669081032141206e-05,\n",
       " 'AA VB': 3.549117247623357e-05,\n",
       " 'AA DR': 2.6799456767768207e-05,\n",
       " 'AA SV': 2.6799456767768207e-05,\n",
       " 'AA KM': 1.8107741059302838e-05,\n",
       " 'AA PG': 1.665912177455861e-05,\n",
       " 'AA LS': 1.3037573562698044e-05,\n",
       " 'AA MS': 8.691715708465363e-06,\n",
       " 'AA YT': 8.691715708465363e-06,\n",
       " 'AA ZG': 4.345857854232682e-06,\n",
       " 'AA AA': 2.8972385694884543e-06,\n",
       " 'AA NL': 1.4486192847442271e-06,\n",
       " 'AA NV': 1.4486192847442271e-06,\n",
       " 'AA NH': 0.0,\n",
       " 'NL MV': 0.0001644182888184698,\n",
       " 'NL CL': 0.0001115436849253055,\n",
       " 'NL SP': 0.00011045722046174732,\n",
       " 'NL GR': 9.959257582616562e-05,\n",
       " 'NL CS': 8.909008601176999e-05,\n",
       " 'NL LH': 8.691715708465363e-05,\n",
       " 'NL LN': 4.418288818469893e-05,\n",
       " 'NL EO': 3.331824354911722e-05,\n",
       " 'NL FA': 2.9334540516070603e-05,\n",
       " 'NL VB': 1.7745586238116784e-05,\n",
       " 'NL DR': 1.3399728383884103e-05,\n",
       " 'NL SV': 1.3399728383884103e-05,\n",
       " 'NL KM': 9.053870529651419e-06,\n",
       " 'NL PG': 8.329560887279306e-06,\n",
       " 'NL LS': 6.518786781349022e-06,\n",
       " 'NL MS': 4.345857854232682e-06,\n",
       " 'NL YT': 4.345857854232682e-06,\n",
       " 'NL ZG': 2.172928927116341e-06,\n",
       " 'NL AA': 1.4486192847442271e-06,\n",
       " 'NL NL': 7.243096423721136e-07,\n",
       " 'NL NV': 7.243096423721136e-07,\n",
       " 'NL NH': 0.0,\n",
       " 'NV MV': 0.0001644182888184698,\n",
       " 'NV CL': 0.0001115436849253055,\n",
       " 'NV SP': 0.00011045722046174732,\n",
       " 'NV GR': 9.959257582616562e-05,\n",
       " 'NV CS': 8.909008601176999e-05,\n",
       " 'NV LH': 8.691715708465363e-05,\n",
       " 'NV LN': 4.418288818469893e-05,\n",
       " 'NV EO': 3.331824354911722e-05,\n",
       " 'NV FA': 2.9334540516070603e-05,\n",
       " 'NV VB': 1.7745586238116784e-05,\n",
       " 'NV DR': 1.3399728383884103e-05,\n",
       " 'NV SV': 1.3399728383884103e-05,\n",
       " 'NV KM': 9.053870529651419e-06,\n",
       " 'NV PG': 8.329560887279306e-06,\n",
       " 'NV LS': 6.518786781349022e-06,\n",
       " 'NV MS': 4.345857854232682e-06,\n",
       " 'NV YT': 4.345857854232682e-06,\n",
       " 'NV ZG': 2.172928927116341e-06,\n",
       " 'NV AA': 1.4486192847442271e-06,\n",
       " 'NV NL': 7.243096423721136e-07,\n",
       " 'NV NV': 7.243096423721136e-07,\n",
       " 'NV NH': 0.0,\n",
       " 'NH MV': 0.0,\n",
       " 'NH CL': 0.0,\n",
       " 'NH SP': 0.0,\n",
       " 'NH GR': 0.0,\n",
       " 'NH CS': 0.0,\n",
       " 'NH LH': 0.0,\n",
       " 'NH LN': 0.0,\n",
       " 'NH EO': 0.0,\n",
       " 'NH FA': 0.0,\n",
       " 'NH VB': 0.0,\n",
       " 'NH DR': 0.0,\n",
       " 'NH SV': 0.0,\n",
       " 'NH KM': 0.0,\n",
       " 'NH PG': 0.0,\n",
       " 'NH LS': 0.0,\n",
       " 'NH MS': 0.0,\n",
       " 'NH YT': 0.0,\n",
       " 'NH ZG': 0.0,\n",
       " 'NH AA': 0.0,\n",
       " 'NH NL': 0.0,\n",
       " 'NH NV': 0.0,\n",
       " 'NH NH': 0.0}"
      ]
     },
     "execution_count": 75,
     "metadata": {},
     "output_type": "execute_result"
    }
   ],
   "source": [
    "# We now define the universal sample space BOTH as a joint distribution of Probability Distribution for each F1 driver to win both \n",
    "# the Bahrain and Saudi Arabian Grand Prix. \n",
    "# Outcome 'MV MV' denotes the probability of 'MV' winning the first race and second race as well. 'MV CL' denotes the probability of 'MV' winning\n",
    "# the first race and 'CL' winning the seccond race, and so on...Here, we will use set comprehension to get the universal sample space named as BOTH\n",
    "\n",
    "def joint(A, B, sep=''):\n",
    "    \"\"\"The joint distribution of two independent probability distributions. \n",
    "    Result is all entries of the form {a+sep+b: P(a)*P(b)}\"\"\"\n",
    "    return ProbDist({a + sep + b: A[a] * B[b] \n",
    "                        for a in A \n",
    "                        for b in B})\n",
    "\n",
    "BOTH = joint(BGP, SAGP, ' ')\n",
    "BOTH"
   ]
  },
  {
   "attachments": {},
   "cell_type": "markdown",
   "metadata": {},
   "source": [
    "### What is the probability for Ferrari to win both races?"
   ]
  },
  {
   "cell_type": "code",
   "execution_count": 76,
   "metadata": {},
   "outputs": [
    {
     "data": {
      "text/plain": [
       "0.05557555454956991"
      ]
     },
     "execution_count": 76,
     "metadata": {},
     "output_type": "execute_result"
    }
   ],
   "source": [
    "# Ferrari team has 2 drivers named 'CL' and 'CS'. We would isolate those results and compute the resulting probability for Ferrari to win both races.\n",
    "def ferrari_win_both(outcome):\n",
    "    return outcome.startswith('CS CL') or outcome.startswith('CL CS') or outcome.startswith('CS CS') or outcome.startswith('CL CL')\n",
    "p(ferrari_win_both, BOTH)"
   ]
  },
  {
   "cell_type": "markdown",
   "metadata": {},
   "source": [
    "Hence, the probability of Ferrari to win both the races is 0.05557555454956991 or 5.55%"
   ]
  },
  {
   "cell_type": "code",
   "execution_count": 77,
   "metadata": {},
   "outputs": [
    {
     "data": {
      "text/plain": [
       "0.02813580805794476"
      ]
     },
     "execution_count": 77,
     "metadata": {},
     "output_type": "execute_result"
    }
   ],
   "source": [
    "# We would also compute the probability of the two Ferrari drivers winning both the races individually!\n",
    "def CL_CS_both(outcome):\n",
    "    return outcome.startswith('CL CL') or outcome.startswith('CS CS')\n",
    "p(CL_CS_both, BOTH)"
   ]
  },
  {
   "cell_type": "markdown",
   "metadata": {},
   "source": [
    "Hence, the probability of the two Ferrari drivers winning both the races individually is 0.02813580805794476 or 2.81%"
   ]
  },
  {
   "attachments": {},
   "cell_type": "markdown",
   "metadata": {},
   "source": [
    "### What is the probability for Ferrari to win at least one race?"
   ]
  },
  {
   "cell_type": "code",
   "execution_count": 78,
   "metadata": {},
   "outputs": [
    {
     "name": "stdout",
     "output_type": "stream",
     "text": [
      "0.4433535536441825\n"
     ]
    }
   ],
   "source": [
    "# First, we define a predicate function which would give us the probability for Ferrari winning one race.\n",
    "# We then add this result to probability for Ferrari winning both the races and subtract the probability of the two Ferrari drivers winning both the races individually.\n",
    "# We do the subtraction once because in the resultant set there would be duplicate entries of 'CL CL' and 'CS CS'.\n",
    "# The final result would give us the probabilitiy for Ferrari winning at least one race\n",
    "\n",
    "def ferrari_win_one(outcome):\n",
    "    return outcome.startswith('CS') or outcome.startswith('CL') or outcome.endswith('CS') or outcome.endswith('CL') \n",
    "p(ferrari_win_one, BOTH)\n",
    "\n",
    "ferrari_win_atleast_one =  p(ferrari_win_one, BOTH) + p(ferrari_win_both, BOTH) - p(CL_CS_both, BOTH)\n",
    "print(ferrari_win_atleast_one)"
   ]
  },
  {
   "cell_type": "markdown",
   "metadata": {},
   "source": [
    "Hence, the probability for Ferrari to win at least one race is 0.4433535536441825 or 44.33%"
   ]
  },
  {
   "cell_type": "markdown",
   "metadata": {},
   "source": [
    "### If Ferrari wins the first race, what is the probability that Ferrari wins the next one?"
   ]
  },
  {
   "cell_type": "code",
   "execution_count": 79,
   "metadata": {},
   "outputs": [
    {
     "data": {
      "text/plain": [
       "{'CL MV': 0.10740609877870805,\n",
       " 'CL CL': 0.07286581150626009,\n",
       " 'CL SP': 0.0721560795760043,\n",
       " 'CL GR': 0.0650587602734465,\n",
       " 'CL CS': 0.05819801828097397,\n",
       " 'CL LH': 0.056778554420462396,\n",
       " 'CL LN': 0.028862431830401724,\n",
       " 'CL EO': 0.02176511252784392,\n",
       " 'CL FA': 0.019162762116906065,\n",
       " 'CL VB': 0.011592288194177743,\n",
       " 'CL DR': 0.008753360473154621,\n",
       " 'CL SV': 0.008753360473154621,\n",
       " 'CL KM': 0.005914432752131501,\n",
       " 'CL PG': 0.00544127813196098,\n",
       " 'CL LS': 0.00425839158153468,\n",
       " 'CL MS': 0.0028389277210231203,\n",
       " 'CL YT': 0.0028389277210231203,\n",
       " 'CL ZG': 0.0014194638605115602,\n",
       " 'CL AA': 0.0009463092403410401,\n",
       " 'CL NL': 0.00047315462017052007,\n",
       " 'CL NV': 0.00047315462017052007,\n",
       " 'CL NH': 0.0,\n",
       " 'CS MV': 0.0857853905829941,\n",
       " 'CS CL': 0.05819801828097397,\n",
       " 'CS SP': 0.057631154466548894,\n",
       " 'CS GR': 0.05196251632229818,\n",
       " 'CS CS': 0.04648283278285584,\n",
       " 'CS LH': 0.045349105154005684,\n",
       " 'CS LN': 0.023052461786619557,\n",
       " 'CS EO': 0.017383823642368845,\n",
       " 'CS FA': 0.01530532298947692,\n",
       " 'CS VB': 0.009258775635609496,\n",
       " 'CS DR': 0.0069913203779092105,\n",
       " 'CS SV': 0.0069913203779092105,\n",
       " 'CS KM': 0.004723865120208926,\n",
       " 'CS PG': 0.004345955910592211,\n",
       " 'CS LS': 0.0034011828865504264,\n",
       " 'CS MS': 0.002267455257700284,\n",
       " 'CS YT': 0.002267455257700284,\n",
       " 'CS ZG': 0.001133727628850142,\n",
       " 'CS AA': 0.0007558184192334281,\n",
       " 'CS NL': 0.00037790920961671407,\n",
       " 'CS NV': 0.00037790920961671407,\n",
       " 'CS NH': 0.0}"
      ]
     },
     "execution_count": 79,
     "metadata": {},
     "output_type": "execute_result"
    }
   ],
   "source": [
    "# We now define a predicate function(a function that returns true for an outcome that is in the event) named ferrari_win_first which would \n",
    "# return 'CL ..' in outcome and 'CS ..' in the outcome such that(the subset of universal sample space for which the predicate(ferrari_win_first) = true) \n",
    "# The resultant set would give us all possible combination of probabilities for Ferrari winning the first race\n",
    "\n",
    "def ferrari_win_first(outcome):\n",
    "    return outcome.startswith('CS') or outcome.startswith('CL')\n",
    "such_that(ferrari_win_first, BOTH)"
   ]
  },
  {
   "cell_type": "code",
   "execution_count": 80,
   "metadata": {},
   "outputs": [
    {
     "data": {
      "text/plain": [
       "0.2357446808510639"
      ]
     },
     "execution_count": 80,
     "metadata": {},
     "output_type": "execute_result"
    }
   ],
   "source": [
    "# Now for ferrari to win the second race after winning the first, there are only four combinations possible 'CL CS', 'CS CL', 'CS CS', and 'CL CL'\n",
    "# We now isolate them as below and get the required probability for given the condition: If Ferrari wins the first race, \n",
    "# what is the probability that Ferrari wins the next one? \n",
    "\n",
    "def ferrari_win_second_after_winning_first(outcome):\n",
    "    return outcome.startswith('CS CS') or outcome.startswith('CL CL') or outcome.startswith('CL CS') or outcome.startswith('CS CL')\n",
    "p(ferrari_win_second_after_winning_first, such_that(ferrari_win_first, BOTH))"
   ]
  },
  {
   "attachments": {},
   "cell_type": "markdown",
   "metadata": {},
   "source": [
    "Hence, the probability that Ferrari wins the second race, given the condition that Ferrari wins the first race is 0.2357446808510639 or 23.57%\n"
   ]
  },
  {
   "attachments": {},
   "cell_type": "markdown",
   "metadata": {},
   "source": [
    "### If Redbull Racing wins the first race, what is the probability that Redbull Racing wins the next one as well?"
   ]
  },
  {
   "cell_type": "code",
   "execution_count": 81,
   "metadata": {},
   "outputs": [
    {
     "data": {
      "text/plain": [
       "{'MV MV': 0.11555854567880466,\n",
       " 'MV CL': 0.07839654640764722,\n",
       " 'MV SP': 0.0776329436828974,\n",
       " 'MV GR': 0.0699969164353993,\n",
